AO-07
1 07530U 74089B   25084.78247770 -.00000008  00000-0  24210-3 0  9995
2 07530 101.9954  88.2351 0011875 266.6890 266.9738 12.53687615304565
UO-11
1 14781U 84021B   25084.47491715  .00004446  00000-0  47804-3 0  9997
2 14781  97.7459  52.4036 0006561 218.4466 141.6285 14.89009759190316
AO-27
1 22825U 93061C   25084.06227441  .00000477  00000-0  19949-3 0  9996
2 22825  98.7456 145.2073 0007953 344.7138  15.3803 14.30759167642775
FO-29
1 24278U 96046B   25084.45073689 -.00000007  00000-0  28619-4 0  9997
2 24278  98.5836 348.3396 0349957 179.6447 180.5007 13.53241545412477
NOAA-15
1 25338U 98030A   25084.80215514  .00000585  00000-0  25843-3 0  9999
2 25338  98.5437 111.7303 0009624 215.5079 144.5462 14.26922603397599
GO-32
1 25397U 98043D   25084.47142194  .00000420  00000-0  20189-3 0  9990
2 25397  98.9640  62.0297 0002354  77.6906 282.4536 14.24281813387450
ISS
1 25544U 98067A   25084.07965278  .00033861  00000-0  59879-3 0  9995
2 25544  51.6396   3.6030 0003529  50.4782 146.5284 15.49994558502117
NO-44
1 26931U 01043C   25084.64094865  .00000690  00000-0  28948-3 0  9999
2 26931  67.0518 324.1760 0005592 267.9438  92.1023 14.31672477226394
SO-50
1 27607U 02058C   25083.93632468  .00005692  00000-0  73235-3 0  9991
2 27607  64.5531  77.0610 0047446 352.5890   7.4507 14.81232149197876
CO-55
1 27844U 03031E   25084.51083964  .00001264  00000-0  57056-3 0  9996
2 27844  98.6795  93.7596 0010600  53.1714 307.0436 14.23899212127811
CO-57
1 27848U 03031J   25084.49430750  .00001061  00000-0  48795-3 0  9991
2 27848  98.6819  93.8056 0010672  68.4679 291.7635 14.23247719127541
RS-22
1 27939U 03042A   25084.83475400  .00003990  00000-0  64296-3 0  9990
2 27939  98.3200 252.4961 0010582 247.3966 244.4712 14.72026346149683
NOAA-18
1 28654U 05018A   25084.81508239  .00000560  00000-0  32015-3 0  9999
2 28654  98.8449 165.1384 0013700 348.7164  11.3699 14.13555715 23046
CO-58
1 28895U 05043F   25084.39354605  .00006442  00000-0  10669-2 0  9998
2 28895  98.2356 227.8634 0014869 184.7971 175.3095 14.70548787 35744
CO-65
1 32785U 08021C   25084.49004190  .00013314  00000-0  98692-3 0  9991
2 32785  97.7772  55.1854 0012587 105.1296 255.1322 15.03165794917649
AAUSAT2
1 32788U 08021F   25084.52098613  .00226057  00000-0  27218-2 0  9996
2 32788  97.6052  78.5446 0005243 130.9990 229.1720 15.60045144921429
CO-66
1 32791U 08021J   25084.48030909  .00030145  00000-0  15709-2 0  9992
2 32791  97.7227  62.9865 0006946  79.3456 280.8558 15.15911916918950
RS-30
1 32953U 08025A   25084.83198450  .00000064  00000-0  39114-3 0  9995
2 32953  82.4975 274.2977 0019087 208.8652 151.1374 12.43160774764120
NOAA-19
1 33591U 09005A   25084.87993048  .00000512  00000-0  29712-3 0  9994
2 33591  99.0050 149.1377 0013323 213.7725 146.2599 14.13321688831417
SRMSAT
1 37841U 11058D   25084.52110295  .00000784  00000-0  28275-3 0  9998
2 37841  19.9715 254.8056 0011717 308.6562  88.2166 14.11395131694351
ZACUBE-1
1 39417U 13066B   25084.81412472  .00014701  00000-0  13047-2 0  9998
2 39417  97.7711  42.3180 0043330 306.8143  52.9106 14.95545178613589
Delfi-N3xt
1 39428U 13066N   25084.49160969  .00016972  00000-0  17829-2 0  9999
2 39428  97.8360   3.0719 0085187 250.6542 108.5449 14.86851084607766
GOMX-1
1 39430U 13066Q   25084.79952528  .00005543  00000-0  86632-3 0  9996
2 39430  97.6951 308.0893 0134916  75.0953 286.5147 14.67185613604298
LO-74
1 39440U 13066AA  25083.82801679  .00012849  00000-0  13215-2 0  9993
2 39440  97.8423  29.0000 0065300  73.6489 287.1895 14.88856566610012
AO-73
1 39444U 13066AE  25084.38225308  .00020526  00000-0  15980-2 0  9990
2 39444  97.7631  46.1587 0039259 284.8110  74.8766 15.00647140612153
DTUSAT-2
1 40030U 14033W   25084.09588898  .00020448  00000-0  13803-2 0  9997
2 40030  98.0484  52.3326 0008048 333.7408  26.3409 15.06618351584873
EO-80
1 40032U 14033Y   25084.65126960  .00018934  00000-0  12753-2 0  9999
2 40032  98.0370  52.6722 0006596 254.1047 105.9452 15.06725718585456
LILACSAT-2
1 40908U 15049K   25084.80628937  .00024145  00000-0  67780-3 0  9999
2 40908  97.5137 103.4157 0011727  77.2650 282.9903 15.36482559526588
IO-86
1 40931U 15052B   25038.81889873  .00001817  00000-0  15548-3 0  9993
2 40931   6.0001 108.1159 0012838 187.7041 172.2889 14.78568669506492
Horyu-4
1 41340U 16012D   25084.85113399  .00042603  00000-0  13126-2 0  9990
2 41340  30.9970 279.6993 0008666 356.8350   3.2238 15.32364158501140
Lapan A3
1 41603U 16040E   25084.87260649  .00007755  00000-0  27677-3 0  9992
2 41603  97.1397  92.4798 0011483 169.4486 190.6998 15.29072169486211
CAS-2T
1 41847U 16066G   25084.56634288  .00003547  00000-0  51054-3 0  9991
2 41847  98.4249 159.6836 0347897  48.5801 314.4735 14.43223939440054
CAS-4B
1 42759U 17034B   25084.89871983  .00081429  00000-0  12738-2 0  9991
2 42759  43.0103  49.5688 0016273 125.3368 234.9017 15.52657272430798
CAS-4A
1 42761U 17034D   25084.84999331  .00085068  00000-0  12977-2 0  9995
2 42761  43.0139  47.6238 0017766 130.2687 229.9731 15.53303073430804
TechnoSat
1 42829U 17042E   25084.73462860  .00009326  00000-0  73430-3 0  9994
2 42829  97.3908 257.0820 0013273 172.8020 187.3397 15.00941941419346
AO-91
1 43017U 17073E   25083.88178347  .00020530  00000-0  10757-2 0  9999
2 43017  97.5381 316.6285 0179646  67.8179 294.2000 15.02863226397687
S-Net D
1 43186U 18014G   25084.16088234  .00014270  00000-0  86450-3 0  9997
2 43186  97.5687 347.8770 0010919 121.6335 238.5961 15.10645245390833
S-Net B
1 43187U 18014H   25083.30421930  .00011473  00000-0  69672-3 0  9996
2 43187  97.5692 346.9982 0011753 119.9312 240.3087 15.10602913390708
S-Net A
1 43188U 18014J   25083.69785587  .00012695  00000-0  76976-3 0  9992
2 43188  97.5700 347.5278 0011554 119.7166 240.5215 15.10635370390762
S-Net C
1 43189U 18014K   25084.69749152  .00012608  00000-0  76409-3 0  9997
2 43189  97.5717 348.5175 0013305 110.8868 249.3787 15.10637063389462
Ten-Koh
1 43677U 18084G   25084.83312023  .00007539  00000-0  61070-3 0  9990
2 43677  98.0963 254.0685 0010460 160.3639 199.7988 14.99981381348888
PO-101
1 43678U 18084H   25084.84648662  .00006388  00000-0  54913-3 0  9992
2 43678  98.0993 258.1236 0008372 170.5156 189.6225 14.97766842349047
QO-100
1 43700U 18090A   25084.11674003  .00000142  00000-0  00000-0 0  9990
2 43700   0.0252 173.3410 0001374 221.8739 215.4464  1.00269609 23173
MinXSS-2
1 43758U 18099A   25083.91723175  .00039012  00000-0  16823-2 0  9994
2 43758  97.5112 149.8428 0013281  70.7801 289.4871 15.22360976345291
AO-95
1 43770U 18099N   25084.63056779  .00021855  00000-0  11621-2 0  9994
2 43770  97.5025 143.6173 0012676 116.0998 244.1541 15.15217028345041
RANGE-A
1 43773U 18099R   25084.59072051  .00012598  00000-0  81968-3 0  9999
2 43773  97.4598 135.2052 0013460  94.3218 265.9549 15.08028847344764
MOVE-II
1 43780U 18099Y   25084.17962963  .00162084  00000-0  28217-2 0  9994
2 43780  97.4743 155.5751 0001997 101.2749 258.8727 15.50174374345870
SNUSat 2
1 43782U 18099AA  25084.06637510  .00020138  00000-0  11431-2 0  9994
2 43782  97.4707 140.4164 0013571  64.0834 296.1795 15.12890777344920
SnugLite
1 43784U 18099AC  25084.41241087  .00022510  00000-0  11887-2 0  9996
2 43784  97.4523 140.1791 0004800  76.1204 284.0562 15.15512892345090
ITASat 1
1 43786U 18099AE  25084.05904371  .00017006  00000-0  10040-2 0  9994
2 43786  97.4668 140.1307 0016405 110.5280 249.7713 15.11475700344891
EAGLET 1
1 43790U 18099AJ  25084.87240972  .00010685  00000-0  69474-3 0  9991
2 43790  97.4871 141.1090 0014073  90.9975 269.2866 15.08091429344651
ESEO
1 43792U 18099AL  25084.61049828  .00005697  00000-0  43620-3 0  9994
2 43792  97.4598 135.1005 0012518  65.3340 294.9187 15.02184126344418
CSIM
1 43793U 18099AM  25084.60941908  .00150797  00000-0  25707-2 0  9991
2 43793  97.4933 158.1175 0003643  32.3115 327.8359 15.50808233345781
JO-97
1 43803U 18099AX  25084.60381392  .00025213  00000-0  12266-2 0  9998
2 43803  97.4764 144.4448 0008539  60.1458 300.0624 15.18350922345233
Suomi 100
1 43804U 18099AY  25084.57064275  .00021594  00000-0  11129-2 0  9998
2 43804  97.4831 143.9036 0013669  58.1791 302.0771 15.16311662345177
ISAT
1 43879U 18111D   25084.47161185  .00040572  00000-0  15809-2 0  9998
2 43879  97.6000 357.3777 0012385 102.4715 257.7909 15.25779145342074
UWE-4
1 43880U 18111E   25084.46828019  .00033341  00000-0  14266-2 0  9997
2 43880  97.5943 356.3386 0015219 112.7012 247.5834 15.22636765342036
Sparrow
1 43881U 18111F   25083.98534642  .00048708  00000-0  18422-2 0  9991
2 43881  97.6133 359.4849 0009459 133.3228 226.8800 15.26754134342087
Prox-1
1 44339U 19036A   25084.71553663  .00023878  00000-0  32181-2 0  9992
2 44339  23.9968 199.3786 0006323 291.3172  68.6649 14.77680647306866
SONATE
1 44400U 19038Q   25084.46676950  .00136556  00000-0  12751-2 0  9999
2 44400  97.7049 102.7743 0010194 155.3252 204.8497 15.66806061317567
Taurus 1
1 44530U 19059C   25084.85577201  .00019519  00000-0  37059-2 0  9995
2 44530  98.5954 220.7754 0009909 261.6915  98.3163 14.64194988292852
Duchifat 3
1 44854U 19089C   25084.46034377  .00066861  00000-0  17028-2 0  9992
2 44854  36.9460 116.5340 0005582 261.4173  98.5948 15.38470322291256
TO-108
1 44881U 19093C   25084.84875840  .00003068  00000-0  36209-3 0  9990
2 44881  97.7968 162.0800 0015173 118.1127 242.1623 14.85348024284832
FloripaSat 1
1 44885U 19093G   25084.79746197  .00015542  00000-0  13450-2 0  9992
2 44885  97.8178 172.3094 0012245 100.7574 259.5027 14.97187734285405
RS-44
1 44909U 19096E   25084.48515470  .00000046  00000-0  13284-3 0  9995
2 44909  82.5165 277.8477 0218445 113.4204 249.0031 12.79739560244958
UPMSat 2
1 46276U 20061E   25084.13958414  .00085143  00000-0  11358-2 0  9999
2 46276  97.2536 156.5257 0001787 158.6292 201.5039 15.57814572253528
SALSAT
1 46495U 20068K   25083.89461869  .00019935  00000-0  89720-3 0  9999
2 46495  97.8540  58.4957 0014090  72.2932 287.9839 15.21042893246867
CubeSX-Sirius-HSE
1 47951U 21022V   25084.85065912  .00161831  00000-0  18017-2 0  9997
2 47951  97.4269 353.7432 0007177 171.0107 189.1281 15.62291591221906
CubeSX-HSE
1 47952U 21022W   25084.88070678  .00161474  00000-0  17570-2 0  9992
2 47952  97.4271 353.9886 0007513 165.5347 194.6128 15.62881739221925
GRBAlpha
1 47959U 21022AD  25084.84791437  .00160863  00000-0  17704-2 0  9998
2 47959  97.4258 354.0943 0007155 170.0917 190.0484 15.62592971220740
Orbicraft-Zorkiy
1 47960U 21022AE  25084.60822308  .00535343  00000-0  21896-2 0  9992
2 47960  97.4205 357.8003 0008657 147.7483 212.4317 15.84720679221623
TUBIN
1 48900U 21059X   25084.87793404  .00066924  00000-0  10941-2 0  9993
2 48900  97.6698 248.4207 0004196 170.4115 189.7218 15.52304658208267
LEDSAT
1 49069U 21073D   25084.13590776  .00091189  00000-0  16283-2 0  9998
2 49069  97.3959 163.0793 0010382 357.2984   2.8210 15.49667469199552
CUTE
1 49263U 21088D   25083.94978002  .00029339  00000-0  65759-3 0  9991
2 49263  97.4573 158.1527 0010038 156.3882 203.7829 15.43331777192593
TeikyoSat 4
1 49396U 21102B   25084.01528061  .00005293  00000-0  35541-3 0  9999
2 49396  97.4206 125.1884 0013620  42.5407 317.6873 15.07141034185010
Z-Sat
1 49399U 21102E   25084.87753262  .00010570  00000-0  59191-3 0  9990
2 49399  97.3909 128.6695 0018400  11.8425 348.3236 15.13459864185520
KOSEN 1
1 49402U 21102H   25084.88146743  .00016169  00000-0  77690-3 0  9990
2 49402  97.3820 131.5432 0015612 349.2829  10.8071 15.18800683185798
HO-113
1 50466U 21131B   25084.85397262  .00001988  00000-0  63634-3 0  9991
2 50466  98.5087 174.5944 0004137  20.3326 339.8026 14.40663338170541
IRIS-A
1 51044U 22002BN  25084.48413315  .00182410  00000-0  16374-2 0  9997
2 51044  97.3343 160.9027 0002344 138.9088 221.2350 15.67703495177850
Foresail-1
1 52766U 22057AL  25084.79260875  .00152123  00000-0  14583-2 0  9992
2 52766  97.6012 229.1175 0006169 216.6887 143.3951 15.66141259157931
SNUGLITE 2
1 52899U 22065F   25084.85151174  .00004071  00000-0  80482-3 0  9996
2 52899  98.1545 227.6267 0007250 359.3838   0.7354 14.62894197145417
IO-117
1 53106U 22080B   25051.21822557 -.00000003  00000-0  00000 0 0  9995
2 53106  70.1434 106.3440 0008542  48.0089 312.1297  6.42557744 61200
UmKA 1 (RS40S)
1 57172U 23091G   25084.83993798  .00014227  00000-0  78343-3 0  9996
2 57172  97.5684 140.6416 0013947 231.8677 128.1298 15.14055031 96015
CubeBel-2 (EU11S)
1 57175U 23091K   25084.85165381  .00020426  00000-0  10262-2 0  9993
2 57175  97.5683 141.3820 0011851 240.5208 119.4843 15.17242755 96061
VERONIKA
1 58261U 23174F   25084.80907536  .00114878  00000-0  19016-2 0  9994
2 58261  97.4198 167.5248 0006116 303.1706  56.8959 15.51760092 76864
KAFASAT
1 58317U 23174BP  25084.84161704  .01119274  60255-3  26968-2 0  9990
2 58317  97.3998 172.4195 0010781 268.7787  91.2254 15.96450453 77214
ENSO
1 58470U 23185J   25084.85426687  .00073604  00000-0  14694-2 0  9994
2 58470  97.3816 158.0252 0006683 354.5691   5.5485 15.46555200 73290
EIRSAT-1
1 58472U 23185L   25084.88494025  .00107922  00000-0  17605-2 0  9996
2 58472  97.3798 159.0092 0005463 349.4981  10.6157 15.52200486 73365
SONATE-2
1 59112U 24043Q   25083.59800626  .00037125  00000-0  11917-2 0  9994
2 59112  97.5007 213.4709 0011476  31.3939 328.7985 15.32151371 58533
MO-122
1 60209U 24125G   25084.08434262  .00039211  00000-0  12393-2 0  9995
2 60209  97.2903 296.6878 0021322  54.5357 305.7871 15.32473924 40223
GRBBeta
1 60237U 24128C   25084.45417193  .00012690  00000-0  96571-3 0  9997
2 60237  61.9943 344.8113 0044664  41.0009 319.4425 15.01649424 38762
Curium One
1 60242U 24128H   25084.13599218  .00022365  00000-0  16092-2 0  9996
2 60242  61.9843 345.2070 0044625  36.4684 323.9432 15.03435688 38730
ROBUSTA-3A
1 60243U 24128J   25084.44969802  .00020556  00000-0  14972-2 0  9996
2 60243  61.9910 344.7020 0042861  34.2409 326.1432 15.03080602 38777
CatSat
1 60246U 24125J   25084.86485763  .00018960  00000-0  66784-3 0  9996
2 60246  97.2688 297.4598 0044222   5.9862 354.1897 15.28392986 38414
HYPERVIEW-1G (RS66S)
1 61772U 24199AP  25084.86257819  .00038506  00000-0  12633-2 0  9992
2 61772  97.3670 314.0258 0016463 103.1934 257.1145 15.31371795 65357
AO-123
1 61781U 24199AY  25084.86386960  .00015176  00000-0  57441-3 0  9997
2 61781  97.3677 313.5839 0018009 104.8510 255.4726 15.26871422 65328
ZIMSAT 2
1 61783U 24199BA  25084.84921843  .00059089  00000-0  17776-2 0  9999
2 61783  97.3662 314.1878 0017237 102.2065 258.1110 15.34020970 68517
POEM 4 (BGS ARPIT)
1 62461U 24253C   25083.89923670  .00728618  28091-3  94647-3 0  9995
2 62461  55.2130 211.3276 0001990 326.2470 134.6405 16.06561732 13321
HADES-R (SO-124)
1 62690U 25009CK  25084.48396689  .00063069  00000-0  27288-2 0  9994
2 62690  97.4150 165.9285 0001537 351.3972   8.7237 15.22190106 10547
HYDRA-T
1 62692U 25009CM  25084.08484282  .00072091  00000-0  31062-2 0  9999
2 62692  97.4142 165.5443 0001349 341.1596  18.9591 15.22285809 10486
