AO-07
1 07530U 74089B   25068.87798519 -.00000010  00000-0  22802-3 0  9997
2 07530 101.9950  72.1611 0011899 297.8330 124.8416 12.53686968302577
UO-11
1 14781U 84021B   25068.48039463  .00003146  00000-0  34124-3 0  9995
2 14781  97.7434  36.7587 0006132 285.3088  74.7451 14.88859972187936
AO-27
1 22825U 93061C   25068.60707002  .00000245  00000-0  11087-3 0  9992
2 22825  98.7490 129.6581 0008814  29.6676 330.5004 14.30744555640561
FO-29
1 24278U 96046B   25068.77575702 -.00000014  00000-0  23028-4 0  9994
2 24278  98.5851 334.7138 0349236 220.2831 137.1954 13.53239606410604
NOAA-15
1 25338U 98030A   25068.81448012  .00000335  00000-0  15582-3 0  9995
2 25338  98.5459  96.1131 0009116 267.0880  92.9258 14.26903686395313
GO-32
1 25397U 98043D   25068.52452675  .00000244  00000-0  12580-3 0  9996
2 25397  98.9613  45.7678 0002313 102.2767 257.8670 14.24268153385181
ISS
1 25544U 98067A   25068.89181685  .00014826  00000-0  26852-3 0  9994
2 25544  51.6353  78.8409 0006401   3.2120 356.8909 15.49852573499764
NO-44
1 26931U 01043C   25068.22387429  .00000494  00000-0  21621-3 0  9999
2 26931  67.0529   6.6143 0005746 266.2876  93.7568 14.31647084223880
SO-50
1 27607U 02058C   25068.54209969  .00002653  00000-0  35323-3 0  9997
2 27607  64.5535 124.5452 0045665 356.5775   3.5011 14.81094883195594
CO-55
1 27844U 03031E   25068.55943890  .00000749  00000-0  34615-3 0  9998
2 27844  98.6795  78.0128 0010882  94.5975 265.6447 14.23860543125542
CO-57
1 27848U 03031J   25068.53564213  .00000649  00000-0  30605-3 0  9992
2 27848  98.6825  78.0638 0010709 109.6714 250.5621 14.23214999125278
RS-22
1 27939U 03042A   25068.86092322  .00002760  00000-0  44870-3 0  9993
2 27939  98.3176 236.1604 0010633 302.7916 193.6374 14.71898244147338
NOAA-18
1 28654U 05018A   25068.81801609  .00000360  00000-0  21429-3 0  9993
2 28654  98.8473 149.3156 0014507  34.1337 326.0765 14.13536483 20787
CO-58
1 28895U 05043F   25068.33432473  .00004266  00000-0  71288-3 0  9991
2 28895  98.2327 211.6445 0014170 236.6553 123.3297 14.70357026 33380
CO-65
1 32785U 08021C   25068.64437888  .00011401  00000-0  85623-3 0  9999
2 32785  97.7769  39.2774 0011428 149.7852 210.4033 15.02722589915331
AAUSAT2
1 32788U 08021F   25068.51374074  .00159694  00000-0  24502-2 0  9990
2 32788  97.6061  61.4903 0004076  90.8839 269.2881 15.53723476918935
CO-66
1 32791U 08021J   25068.43476005  .00025400  00000-0  13612-2 0  9999
2 32791  97.7207  46.6817 0006884 111.3188 248.8779 15.14959101916600
RS-30
1 32953U 08025A   25068.89704507  .00000028  00000-0  13370-3 0  9995
2 32953  82.4990 284.2158 0018679 245.1542 114.7595 12.43159736762143
NOAA-19
1 33591U 09005A   25068.80944036  .00000338  00000-0  20413-3 0  9997
2 33591  99.0085 132.9620 0012812 261.7964  98.1755 14.13304073829141
SRMSAT
1 37841U 11058D   25068.13759102  .00000588  00000-0  17616-3 0  9992
2 37841  19.9734 353.9392 0011881 128.1605   4.1019 14.11378833692038
ZACUBE-1
1 39417U 13066B   25068.41920465  .00012960  00000-0  11633-2 0  9996
2 39417  97.7691  26.0673 0045594   2.9107 357.2370 14.95055381611135
Delfi-N3xt
1 39428U 13066N   25068.74064678  .00015532  00000-0  16539-2 0  9997
2 39428  97.8368 347.5403 0086485 303.7133  55.5860 14.86252601605607
GOMX-1
1 39430U 13066Q   25068.83987009  .00004127  00000-0  64983-3 0  9997
2 39430  97.6974 293.0978 0134954 125.5973 235.7894 14.67007288601951
LO-74
1 39440U 13066AA  25068.83886445  .00008128  00000-0  84608-3 0  9991
2 39440  97.8404  14.1621 0065386 121.5538 239.2085 14.88500417608980
AO-73
1 39444U 13066AE  25068.30868997  .00018676  00000-0  14787-2 0  9998
2 39444  97.7564  30.1238 0040959 341.0989  18.8712 14.99970181609744
DTUSAT-2
1 40030U 14033W   25068.15278017  .00014613  00000-0  10043-2 0  9995
2 40030  98.0459  35.6899 0010644  27.2113 332.9668 15.06009978582473
EO-80
1 40032U 14033Y   25068.17790892  .00015411  00000-0  10564-2 0  9994
2 40032  98.0348  35.4968 0007473 327.0798  32.9962 15.06116139582453
LILACSAT-2
1 40908U 15049K   25068.84619925  .00019233  00000-0  55402-3 0  9992
2 40908  97.5153  87.1249 0011808 124.1162 236.1204 15.35721113524131
IO-86
1 40931U 15052B   25038.81889873  .00001817  00000-0  15548-3 0  9993
2 40931   6.0001 108.1159 0012838 187.7041 172.2889 14.78568669506492
Horyu-4
1 41340U 16012D   25068.23335983  .00036392  00000-0  11724-2 0  9999
2 41340  30.9998  30.5540 0007586 193.9722 166.0712 15.30962173498593
Lapan A3
1 41603U 16040E   25068.83796616  .00006496  00000-0  23427-3 0  9998
2 41603  97.1400  77.0926 0009612 229.7334 130.3067 15.28811154483760
CAS-2T
1 41847U 16066G   25068.82800808  .00003260  00000-0  46960-3 0  9997
2 41847  98.4275 144.0815 0348666  96.0214 268.0818 14.43100474437789
CAS-4B
1 42759U 17034B   25068.67342288  .00068057  00000-0  11689-2 0  9996
2 42759  43.0106 144.5395 0017061   3.8788 356.2202 15.50104787428274
CAS-4A
1 42761U 17034D   25068.63110348  .00068404  00000-0  11496-2 0  9997
2 42761  43.0141 142.6390 0018214   9.9280 350.1937 15.50690676428281
TechnoSat
1 42829U 17042E   25068.46611690  .00007953  00000-0  63216-3 0  9998
2 42829  97.3898 241.6095 0012158 233.1978 126.8132 15.00636585416900
AO-91
1 43017U 17073E   25068.43171142  .00016376  00000-0  86585-3 0  9995
2 43017  97.5443 301.5894 0182045 119.7216 242.2264 15.02297705395362
S-Net D
1 43186U 18014G   25068.72503962  .00010114  00000-0  62117-3 0  9998
2 43186  97.5713 332.6181 0009443 168.2040 191.9412 15.10246936388509
S-Net B
1 43187U 18014H   25068.66306992  .00010331  00000-0  63455-3 0  9993
2 43187  97.5717 332.5243 0010354 164.8390 195.3152 15.10229462388497
S-Net A
1 43188U 18014J   25068.79198201  .00009827  00000-0  60346-3 0  9994
2 43188  97.5726 332.7902 0010226 164.8757 195.2780 15.10251723388511
S-Net C
1 43189U 18014K   25068.73152007  .00010430  00000-0  64036-3 0  9995
2 43189  97.5741 332.7289 0011989 159.8226 200.3479 15.10226943387056
Ten-Koh
1 43677U 18084G   25068.55465149  .00007053  00000-0  57582-3 0  9993
2 43677  98.0938 237.1410 0010080 209.5690 150.4963 14.99711535346448
PO-101
1 43678U 18084H   25068.81141786  .00005354  00000-0  46396-3 0  9994
2 43678  98.0950 241.5020 0008053 225.4784 134.5780 14.97531390346646
QO-100
1 43700U 18090A   25068.54755064  .00000127  00000-0  00000 0 0  9998
2 43700   0.0254 153.8355 0001357 215.1249  21.4205  1.00270802 23264
MinXSS-2
1 43758U 18099A   25068.72812786  .00028732  00000-0  12793-2 0  9992
2 43758  97.5142 134.6762 0014007 119.8625 240.4004 15.21328569342982
AO-95
1 43770U 18099N   25068.11648620  .00015580  00000-0  84753-3 0  9996
2 43770  97.5054 127.3224 0012016 168.5594 191.5913 15.14487916342545
RANGE-A
1 43773U 18099R   25068.59720406  .00009351  00000-0  61632-3 0  9994
2 43773  97.4631 119.6815 0012927 142.2051 218.0087 15.07638494342353
MOVE-II
1 43780U 18099Y   25068.40573458  .00119556  00000-0  24192-2 0  9993
2 43780  97.4783 139.2681 0004086 139.7619 220.3933 15.45989137343437
SNUSat 2
1 43782U 18099AA  25068.12315803  .00012231  00000-0  70781-3 0  9990
2 43782  97.4739 124.8041 0013985 113.3486 246.9217 15.12304844342515
SnugLite
1 43784U 18099AC  25068.69424506  .00018630  00000-0  10044-2 0  9999
2 43784  97.4554 124.7649 0005049 114.6279 245.5479 15.14818163342714
ITASat 1
1 43786U 18099AE  25068.10127976  .00011593  00000-0  69607-3 0  9999
2 43786  97.4707 124.5442 0015719 161.6569 198.5231 15.10961441342485
EAGLET 1
1 43790U 18099AJ  25068.08334700  .00007433  00000-0  48976-3 0  9990
2 43790  97.4908 124.7519 0013557 142.2089 218.0094 15.07713837342126
ESEO
1 43792U 18099AL  25068.68928372  .00004653  00000-0  35895-3 0  9999
2 43792  97.4593 119.7856 0011775 112.9533 247.2936 15.01998559342022
CSIM
1 43793U 18099AM  25068.77707638  .00107832  00000-0  21496-2 0  9994
2 43793  97.4964 141.6940 0005678 108.1874 251.9994 15.46464996343336
JO-97
1 43803U 18099AX  25068.71647186  .00022444  00000-0  11190-2 0  9996
2 43803  97.4795 128.7473 0009172 107.9670 252.2564 15.17512925342825
Suomi 100
1 43804U 18099AY  25068.72870562  .00019161  00000-0  10083-2 0  9996
2 43804  97.4865 128.2847 0014428 108.2169 252.0636 15.15591746342779
ISAT
1 43879U 18111D   25068.26534669  .00033428  00000-0  13562-2 0  9994
2 43879  97.6017 340.9261 0011034 148.4954 211.6946 15.24486515339603
UWE-4
1 43880U 18111E   25068.29572529  .00029183  00000-0  12896-2 0  9998
2 43880  97.5955 340.0098 0013636 163.0128 197.1567 15.21589466339579
Sparrow
1 43881U 18111F   25068.70751615  .00034768  00000-0  13704-2 0  9994
2 43881  97.6145 343.9266 0007131 180.0174 180.1064 15.25478875337751
Prox-1
1 44339U 19036A   25068.03103530  .00018413  00000-0  25216-2 0  9993
2 44339  23.9984 308.5120 0007296  92.6662 267.4669 14.76898929304307
SONATE
1 44400U 19038Q   25068.60626066  .00103033  00000-0  11302-2 0  9995
2 44400  97.7077  85.4458 0007813 206.7266 153.3589 15.62861869315086
Taurus 1
1 44530U 19059C   25068.86107492  .00014375  00000-0  27734-2 0  9993
2 44530  98.5931 204.0950 0009187 311.4283  48.6128 14.63553319290516
Duchifat 3
1 44854U 19089C   25068.74332979  .00061480  00000-0  16797-2 0  9998
2 44854  36.9459 215.0774 0005457 142.4171 217.6964 15.36334375288766
TO-108
1 44881U 19093C   25068.81510038  .00002341  00000-0  27859-3 0  9998
2 44881  97.7992 146.3782 0014288 167.4759 192.6814 14.85242607282454
FloripaSat 1
1 44885U 19093G   25068.82130011  .00011183  00000-0  98283-3 0  9995
2 44885  97.8180 156.3380 0011460 151.5976 208.5872 14.96675625283013
RS-44
1 44909U 19096E   25068.61426400  .00000029  00000-0  64298-4 0  9999
2 44909  82.5183 288.3994 0217958 150.3805 210.9850 12.79738867242924
UPMSat 2
1 46276U 20061E   25068.71031577  .00064490  00000-0  94285-3 0  9990
2 46276  97.2568 140.8420 0001440 170.5608 189.5674 15.55413004251128
SALSAT
1 46495U 20068K   25068.43184039  .00014755  00000-0  67629-3 0  9992
2 46495  97.8517  42.3861 0014129 116.6483 243.6200 15.20485051244511
CubeSX-Sirius-HSE
1 47951U 21022V   25068.87364170  .00114460  00000-0  15553-2 0  9997
2 47951  97.4300 337.0453 0003345 255.5993 104.4891 15.57208325219411
CubeSX-HSE
1 47952U 21022W   25068.84572556  .00117061  00000-0  15546-2 0  9996
2 47952  97.4303 337.2142 0003473 241.3662 118.7245 15.57815033219422
KSU-Cubesat
1 47954U 21022Y   25068.80980597  .00620246  15218-3  20593-2 0  9994
2 47954  97.4237 342.1211 0005468 145.7635 214.3992 15.90286691219459
GRBAlpha
1 47959U 21022AD  25068.87457131  .00110599  00000-0  14816-2 0  9995
2 47959  97.4289 337.3935 0003369 252.3535 107.7353 15.57604935218253
Orbicraft-Zorkiy
1 47960U 21022AE  25068.87982177  .00221248  00000-0  16150-2 0  9997
2 47960  97.4269 340.9202 0003006 169.0305 191.1025 15.72597787219142
TUBIN
1 48900U 21059X   25068.87946166  .00050861  00000-0  89945-3 0  9994
2 48900  97.6683 231.3704 0004941 221.2204 138.8674 15.50156288205783
LEDSAT
1 49069U 21073D   25068.75426150  .00070296  00000-0  13727-2 0  9998
2 49069  97.3995 147.3343 0011630  57.4915 302.7457 15.47162922197171
CUTE
1 49263U 21088D   25068.77355434  .00021936  00000-0  50643-3 0  9994
2 49263  97.4603 142.6164 0009124 208.6552 151.4194 15.42513902190257
TeikyoSat 4
1 49396U 21102B   25068.67763214  .00004085  00000-0  27651-3 0  9995
2 49396  97.4234 110.3950 0014275  89.6092 270.6772 15.06966291182708
Z-Sat
1 49399U 21102E   25068.80948300  .00008739  00000-0  49446-3 0  9990
2 49399  97.3943 113.0849 0019864  65.0939 295.2354 15.13115945183093
KOSEN 1
1 49402U 21102H   25068.67117791  .00014019  00000-0  68383-3 0  9991
2 49402  97.3854 115.7128 0017315  45.2596 315.0044 15.18280801183339
HO-113
1 50466U 21131B   25068.87949427  .00001102  00000-0  35948-3 0  9996
2 50466  98.5103 158.7034 0004952  62.1798 297.9892 14.40599120168242
IRIS-A
1 51044U 22002BN  25068.75431475  .00135198  00000-0  14899-2 0  9997
2 51044  97.3393 144.5300 0004043 170.7074 189.4259 15.62662409175398
Foresail-1
1 52766U 22057AL  25068.34616341  .00116048  00000-0  13348-2 0  9992
2 52766  97.5996 211.4172 0007152 255.3481 104.6983 15.61595940155360
SNUGLITE 2
1 52899U 22065F   25068.36667911  .00002951  00000-0  58778-3 0  9993
2 52899  98.1515 211.3397 0008145  49.1698 311.0209 14.62758968143005
IO-117
1 53106U 22080B   25051.21822557 -.00000003  00000-0  00000 0 0  9995
2 53106  70.1434 106.3440 0008542  48.0089 312.1297  6.42557744 61200
UmKA 1 (RS40S)
1 57172U 23091G   25068.84364100  .00010769  00000-0  60195-3 0  9991
2 57172  97.5719 124.7429 0013598 292.1441  67.8346 15.13594034 93595
CubeBel-2 (EU11S)
1 57175U 23091K   25068.88781072  .00016332  00000-0  83725-3 0  9995
2 57175  97.5723 125.4401 0011566 302.3855  57.6258 15.16585068 93642
VERONIKA
1 58261U 23174F   25068.86118731  .00083239  00000-0  15706-2 0  9991
2 58261  97.4235 151.1083 0005796  11.7116 348.4268 15.48157420 74392
KAFASAT
1 58317U 23174BP  25068.73017725  .00389248  00000-0  24514-2 0  9996
2 58317  97.4093 155.0160 0006253 290.9002  69.1594 15.75569902 74660
ENSO
1 58470U 23185J   25068.85982361  .00053879  00000-0  11679-2 0  9994
2 58470  97.3853 141.7572 0008016  58.1528 302.0499 15.44211111 70827
EIRSAT-1
1 58472U 23185L   25068.87916027  .00075468  00000-0  13852-2 0  9997
2 58472  97.3847 142.6045 0006475  56.8543 303.3329 15.48978200 70881
SONATE-2
1 59112U 24043Q   25068.30978708  .00032106  00000-0  10661-2 0  9992
2 59112  97.4987 198.0000 0012097  84.2303 276.0317 15.31085708 56196
MO-122
1 60209U 24125G   25068.53793704  .00032193  00000-0  10532-2 0  9991
2 60209  97.2926 281.3870 0021912 106.2608 254.1046 15.31397532 37844
GRBBeta
1 60237U 24128C   25068.33721966  .00010684  00000-0  82606-3 0  9997
2 60237  61.9929  40.8961 0043368  36.7783 323.6269 15.01223550 36343
Curium One
1 60242U 24128H   25068.30275651  .00017948  00000-0  13205-2 0  9993
2 60242  61.9829  40.4632 0043698  31.8562 328.5157 15.02743715 36358
ROBUSTA-3A
1 60243U 24128J   25068.34636557  .00017128  00000-0  12760-2 0  9999
2 60243  61.9898  40.8561 0041959  29.8882 330.4592 15.02358874 36353
CatSat
1 60246U 24125J   25068.55911975  .00016913  00000-0  60632-3 0  9995
2 60246  97.2713 281.5526 0046344  62.7694 297.8257 15.27748573 35921
HYPERVIEW-1G (RS66S)
1 61772U 24199AP  25068.91180723  .00031476  00000-0  10754-2 0  9990
2 61772  97.3700 298.1919 0015679 155.1232 205.0768 15.30117007 62918
AO-123
1 61781U 24199AY  25068.87030715  .00013103  00000-0  50454-3 0  9999
2 61781  97.3706 297.8047 0017045 157.3188 202.8807 15.26352369 62887
ZIMSAT 2
1 61783U 24199BA  25068.85751616  .00047462  00000-0  15159-2 0  9996
2 61783  97.3694 298.2581 0016521 154.8319 205.3732 15.32184532 66060
POEM 4 (BGS ARPIT)
1 62461U 24253C   25068.74766667  .00302459  45516-4  87986-3 0  9994
2 62461  55.2152 285.4555 0006801 123.5406 236.6299 15.92440088 10909
HADES-R (SO-124)
1 62690U 25009CK  25068.76142995  .00053417  00000-0  24557-2 0  9998
2 62690  97.4172 150.4465 0002357  70.8686 289.2804 15.20160357  8159
