AO-07
1 07530U 74089B   25098.50306159 -.00000015  00000-0  19420-3 0  9992
2 07530 101.9951 102.1028 0011904 239.7155 272.5538 12.53688076306045
UO-11
1 14781U 84021B   25098.85523839  .00003561  00000-0  38300-3 0  9995
2 14781  97.7484  66.4776 0007962 168.2624 191.8781 14.89115663213455
AO-27
1 22825U 93061C   25098.60821180  .00000292  00000-0  12865-3 0  9996
2 22825  98.7427 159.8379 0007339 297.6765  62.3672 14.30770136644859
FO-29
1 24278U 96046B   25098.27724508  .00000043  00000-0  77690-4 0  9997
2 24278  98.5822   0.3548 0350534 143.8722 218.6659 13.53242935414346
NOAA-15
1 25338U 98030A   25098.82626923  .00000392  00000-0  17892-3 0  9997
2 25338  98.5416 125.4273 0010466 173.6741 186.4573 14.26936022399590
GO-32
1 25397U 98043D   25098.52142393  .00000257  00000-0  13152-3 0  9992
2 25397  98.9659  76.3617 0002095  56.2748 303.8630 14.24291276389452
ISS
1 25544U 98067A   25098.81058533  .00017229  00000-0  31609-3 0  9990
2 25544  51.6370 290.6401 0004984  22.5410 337.5797 15.49363734504404
NO-44
1 26931U 01043C   25098.26341949  .00000474  00000-0  20865-3 0  9990
2 26931  67.0500 288.9561 0005571 269.6964  90.3499 14.31687908228182
SO-50
1 27607U 02058C   25098.78888550  .00003943  00000-0  51090-3 0  9997
2 27607  64.5558  31.2376 0049020 348.8293  11.1720 14.81371309200282
CO-55
1 27844U 03031E   25098.49430751  .00000809  00000-0  37183-3 0  9991
2 27844  98.6787 107.5645 0009870  15.3976 344.7502 14.23926223129804
CO-57
1 27848U 03031J   25098.48419497  .00000683  00000-0  32101-3 0  9993
2 27848  98.6814 107.6067 0010104  31.6668 328.5116 14.23270699129539
RS-22
1 27939U 03042A   25098.83698925  .00002909  00000-0  47018-3 0  9996
2 27939  98.3223 266.8218 0011219 200.1539 291.7275 14.72118187151747
NOAA-18
1 28654U 05018A   25098.83004154  .00000384  00000-0  22714-3 0  9992
2 28654  98.8434 178.9986 0013168 306.7575  53.2388 14.13569242 25028
CO-58
1 28895U 05043F   25098.34162298  .00004339  00000-0  71921-3 0  9995
2 28895  98.2384 241.9585 0015571 141.8766 218.3545 14.70684680 37792
CO-65
1 32785U 08021C   25098.46770253  .00012189  00000-0  89631-3 0  9995
2 32785  97.7787  69.2266 0011547  65.8635 294.3796 15.03502534919742
AAUSAT2
1 32788U 08021F   25098.47578308  .00278475  00000-0  25793-2 0  9996
2 32788  97.6030  93.5576 0007931 134.7005 225.4902 15.66599786923707
CO-66
1 32791U 08021J   25098.40473309  .00024148  00000-0  12349-2 0  9997
2 32791  97.7243  77.1590 0005833  51.6196 308.5559 15.16631738921066
RS-30
1 32953U 08025A   25098.83541156  .00000056  00000-0  33219-3 0  9996
2 32953  82.4982 265.5813 0019659 178.0076 182.1085 12.43161896765864
NOAA-19
1 33591U 09005A   25098.82641716  .00000358  00000-0  21480-3 0  9998
2 33591  99.0024 163.1718 0014052 174.1295 186.0044 14.13334525833384
SRMSAT
1 37841U 11058D   25098.46221867  .00000609  00000-0  18710-3 0  9993
2 37841  19.9706 170.4422 0011914 101.2145   4.3766 14.11406251696324
ZACUBE-1
1 39417U 13066B   25098.59534827  .00009411  00000-0  83136-3 0  9996
2 39417  97.7733  55.9930 0043002 258.9571 100.6812 14.95857359615645
Delfi-N3xt
1 39428U 13066N   25098.35316814  .00011189  00000-0  11665-2 0  9998
2 39428  97.8358  16.7501 0085608 204.2787 155.4386 14.87228207609823
GOMX-1
1 39430U 13066Q   25098.84773878  .00004057  00000-0  63570-3 0  9991
2 39430  97.6926 321.2839 0133996  30.5816 330.3115 14.67315104606350
LO-74
1 39440U 13066AA  25098.41022370  .00010086  00000-0  10322-2 0  9994
2 39440  97.8445  43.4468 0064050  26.8741 333.5770 14.89182549612188
AO-73
1 39444U 13066AE  25098.44942785  .00014134  00000-0  10895-2 0  9995
2 39444  97.7670  60.2150 0039717 235.2990 124.4490 15.01097155614260
DTUSAT-2
1 40030U 14033W   25098.57209824  .00014351  00000-0  95913-3 0  9993
2 40030  98.0504  67.4620 0006907 270.8301  89.2134 15.07079038587055
EO-80
1 40032U 14033Y   25098.72820694  .00014665  00000-0  97790-3 0  9999
2 40032  98.0383  67.3658 0007814 196.9338 163.1629 15.07151412587573
LILACSAT-2
1 40908U 15049K   25098.80555715  .00020974  00000-0  57844-3 0  9993
2 40908  97.5120 117.7182 0010339  34.4869 325.7044 15.37080012528731
IO-86
1 40931U 15052B   25038.81889873  .00001817  00000-0  15548-3 0  9993
2 40931   6.0001 108.1159 0012838 187.7041 172.2889 14.78568669506492
Horyu-4
1 41340U 16012D   25098.45975398  .00036879  00000-0  10993-2 0  9993
2 41340  30.9972 188.7318 0008827 131.9547 228.1851 15.33417581503233
Lapan A3
1 41603U 16040E   25098.87623755  .00006171  00000-0  21941-3 0  9997
2 41603  97.1392 105.9227 0012862 124.2766 235.9695 15.29261472488356
CAS-2T
1 41847U 16066G   25098.29276599  .00002060  00000-0  30169-3 0  9996
2 41847  98.4229 173.2914 0346890   7.1276 353.4666 14.43297312442032
CAS-4B
1 42759U 17034B   25098.91234080  .00077425  00000-0  11172-2 0  9992
2 42759  43.0101 327.2378 0019101 224.4670 135.4659 15.54830745432977
CAS-4A
1 42761U 17034D   25098.85742356  .00090812  00000-0  12700-2 0  9991
2 42761  43.0134 325.2498 0020547 228.5125 131.3974 15.55580325432986
TechnoSat
1 42829U 17042E   25098.73357964  .00007214  00000-0  56561-3 0  9997
2 42829  97.3917 270.4035 0014761 125.5670 234.6933 15.01166435421446
AO-91
1 43017U 17073E   25097.59511356  .00015810  00000-0  82612-3 0  9998
2 43017  97.5346 329.9777 0176997  21.4048 339.4461 15.03353472399748
S-Net D
1 43186U 18014G   25098.46689866  .00010337  00000-0  62211-3 0  9992
2 43186  97.5681   2.0243 0011225  80.3665 279.8833 15.10962279392994
S-Net B
1 43187U 18014H   25098.47152479  .00010285  00000-0  61921-3 0  9998
2 43187  97.5688   1.9975 0011863  76.2868 283.9682 15.10943395392995
S-Net A
1 43188U 18014J   25098.46749860  .00009922  00000-0  59717-3 0  9990
2 43188  97.5695   2.1353 0011844  76.7904 283.4646 15.10966625392998
S-Net C
1 43189U 18014K   25098.27511867  .00010399  00000-0  62594-3 0  9991
2 43189  97.5709   1.9488 0013232  70.9648 289.3014 15.10935604391519
Ten-Koh
1 43677U 18084G   25098.44089351  .00005120  00000-0  41482-3 0  9996
2 43677  98.0946 268.2223 0010158 123.4567 236.7627 15.00149431350923
PO-101
1 43678U 18084H   25098.80850593  .00005067  00000-0  43501-3 0  9995
2 43678  98.0986 272.6014 0009195 131.6595 228.5414 14.97914499351132
QO-100
1 43700U 18090A   25098.54170848  .00000131  00000-0  00000-0 0  9998
2 43700   0.0213 190.0809 0001677 221.5802   6.1942  1.00270249 23316
MinXSS-2
1 43758U 18099A   25098.57058896  .00026491  00000-0  11170-2 0  9990
2 43758  97.5081 164.4915 0011810  21.4676 338.7054 15.23226091347528
AO-95
1 43770U 18099N   25098.56239837  .00016990  00000-0  89185-3 0  9994
2 43770  97.4993 157.3729 0012245  73.4582 286.7994 15.15731306347158
RANGE-A
1 43773U 18099R   25098.12561850  .00008759  00000-0  56731-3 0  9997
2 43773  97.4567 148.3445 0012747  53.9150 306.3257 15.08301971346809
MOVE-II
1 43780U 18099Y   25098.16985671  .00149220  00000-0  22631-2 0  9990
2 43780  97.4716 170.1253 0000759 288.0002  72.1168 15.54088189348041
SNUSat 2
1 43782U 18099AA  25098.87953033  .00014753  00000-0  82869-3 0  9999
2 43782  97.4677 154.9283 0012145  15.8021 344.3587 15.13353191347165
SnugLite
1 43784U 18099AC  25098.40753504  .00016980  00000-0  88529-3 0  9994
2 43784  97.4490 153.9119 0003732  40.0898 320.0610 15.16029091347217
ITASat 1
1 43786U 18099AE  25098.88636236  .00013036  00000-0  76252-3 0  9999
2 43786  97.4645 154.6181 0015889  64.1636 296.1231 15.11877631347130
EAGLET 1
1 43790U 18099AJ  25098.40684676  .00008113  00000-0  52521-3 0  9996
2 43790  97.4842 154.2969 0013316  49.8843 310.3550 15.08339615346691
ESEO
1 43792U 18099AL  25098.53172449  .00003555  00000-0  27306-3 0  9990
2 43792  97.4575 148.4938 0012329  26.5904 333.5951 15.02303596346505
CSIM
1 43793U 18099AM  25098.27232581  .00138404  00000-0  20691-2 0  9997
2 43793  97.4903 172.3743 0003919 312.3691  47.7230 15.54518365347903
JO-97
1 43803U 18099AX  25098.11117494  .00019700  00000-0  94374-3 0  9994
2 43803  97.4738 157.8018 0007217  15.0858 345.0590 15.18948390347280
Suomi 100
1 43804U 18099AY  25098.42637552  .00017857  00000-0  90807-3 0  9999
2 43804  97.4804 157.5730 0012364  11.8544 348.2977 15.16839438347271
ISAT
1 43879U 18111D   25098.56702948  .00034880  00000-0  13201-2 0  9990
2 43879  97.5995  11.7102 0011853  64.3128 295.9333 15.26789015344224
UWE-4
1 43880U 18111E   25098.19955163  .00026393  00000-0  11047-2 0  9996
2 43880  97.5935  10.2210 0015128  72.9769 287.3124 15.23436522344120
Sparrow
1 43881U 18111F   25098.52999076  .00035600  00000-0  13055-2 0  9997
2 43881  97.6127  14.3233 0010281  95.1043 265.1369 15.27843831344306
Prox-1
1 44339U 19036A   25098.35381397  .00018319  00000-0  24295-2 0  9991
2 44339  23.9961 110.0727 0007469  88.5509 271.5843 14.78246414308792
SONATE
1 44400U 19038Q   25098.11836752  .00137203  00000-0  11016-2 0  9997
2 44400  97.7021 117.7726 0010478 121.1177 239.1114 15.70501460319701
Taurus 1
1 44530U 19059C   25098.79434197  .00016467  00000-0  30975-2 0  9998
2 44530  98.5977 235.3287 0010394 219.9578 140.0859 14.64652787294890
Duchifat 3
1 44854U 19089C   25098.14611311  .00069250  00000-0  16640-2 0  9995
2 44854  36.9467  30.4622 0002624 327.3876  32.6716 15.40238161293368
TO-108
1 44881U 19093C   25098.79310617  .00002052  00000-0  24393-3 0  9998
2 44881  97.7949 175.7345 0015247  76.6515 283.6399 14.85418349286905
FloripaSat 1
1 44885U 19093G   25098.83080144  .00011664  00000-0  10028-2 0  9994
2 44885  97.8148 186.3473 0010799  57.4285 302.7978 14.97528273287503
RS-44
1 44909U 19096E   25098.87040883  .00000034  00000-0  83480-4 0  9997
2 44909  82.5169 268.2828 0218449  79.9591 282.6080 12.79740013246847
UPMSat 2
1 46276U 20061E   25098.77474458  .00074064  00000-0  91037-3 0  9998
2 46276  97.2505 171.4505 0001853 145.0797 215.0582 15.60032682255804
SALSAT
1 46495U 20068K   25098.49677761  .00014369  00000-0  63975-3 0  9991
2 46495  97.8558  73.7256 0012603  27.9225 332.2683 15.21508891249081
CubeSX-Sirius-HSE
1 47951U 21022V   25098.85584824  .00201697  00000-0  18296-2 0  9994
2 47951  97.4240   8.4878 0010208 134.7173 225.4921 15.67328741224092
CubeSX-HSE
1 47952U 21022W   25098.88072665  .00198952  00000-0  17638-2 0  9991
2 47952  97.4245   8.7415 0010256 131.0425 229.1724 15.67903738224111
GRBAlpha
1 47959U 21022AD  25098.85105135  .00195657  00000-0  17659-2 0  9996
2 47959  97.4231   8.8405 0010065 134.2078 226.0011 15.67473555222932
Orbicraft-Zorkiy
1 47960U 21022AE  25098.85367282  .01916155  31182-2  21607-2 0  9991
2 47960  97.4129  13.4515 0008797 151.5899 208.5866 16.10031606223891
TUBIN
1 48900U 21059X   25098.79367778  .00069400  00000-0  10632-2 0  9999
2 48900  97.6714 263.2986 0003596 121.4405 238.7200 15.54103018210422
LEDSAT
1 49069U 21073D   25098.78299656  .00073528  00000-0  12143-2 0  9995
2 49069  97.3941 178.1250 0010613 295.7903  64.2254 15.51942003201829
CUTE
1 49263U 21088D   25098.14509393  .00020792  00000-0  45352-3 0  9993
2 49263  97.4548 172.6992 0010113 111.6435 248.5892 15.44208054194786
TeikyoSat 4
1 49396U 21102B   25098.48817621  .00003406  00000-0  22940-3 0  9991
2 49396  97.4182 139.1465 0012180 355.1410   4.9698 15.07278766187195
Z-Sat
1 49399U 21102E   25098.89286697  .00007405  00000-0  41331-3 0  9990
2 49399  97.3881 142.2649 0016955 322.0067  37.9968 15.13706063187646
KOSEN 1
1 49402U 21102H   25098.84698608  .00012327  00000-0  58729-3 0  9997
2 49402  97.3792 145.1861 0014407 296.7227  63.2532 15.19173012187912
HO-113
1 50466U 21131B   25098.81372915  .00001273  00000-0  41224-3 0  9998
2 50466  98.5083 188.4809 0003324 335.6166  24.4864 14.40704508172557
IRIS-A
1 51044U 22002BN  25098.12305867  .00202166  00000-0  14803-2 0  9991
2 51044  97.3308 175.2000 0000383 169.5243 190.6029 15.72581834179991
Foresail-1
1 52766U 22057AL  25098.38430394  .00162398  00000-0  13142-2 0  9992
2 52766  97.6027 243.8438 0004213 187.4789 172.6411 15.70294262160068
SNUGLITE 2
1 52899U 22065F   25098.39395993  .00002937  00000-0  58223-3 0  9996
2 52899  98.1578 241.0143 0006544 313.3980  46.6677 14.62982162147395
IO-117
1 53106U 22080B   25051.21822557 -.00000003  00000-0  00000 0 0  9995
2 53106  70.1434 106.3440 0008542  48.0089 312.1297  6.42557744 61200
UmKA 1 (RS40S)
1 57172U 23091G   25098.84940293  .00011491  00000-0  62764-3 0  9994
2 57172  97.5654 154.5694 0015047 182.0523 178.0650 15.14384035 98134
CubeBel-2 (EU11S)
1 57175U 23091K   25098.89690160  .00017623  00000-0  87358-3 0  9996
2 57175  97.5657 155.4155 0012904 189.9313 170.1667 15.17732723 98195
VERONIKA
1 58261U 23174F   25098.85247832  .00126114  00000-0  18561-2 0  9990
2 58261  97.4177 182.0514 0007326 252.4016 107.6438 15.54973108 79040
ENSO
1 58470U 23185J   25098.88586120  .00070185  00000-0  13117-2 0  9991
2 58470  97.3788 172.3390 0006530 292.4637  67.5922 15.48481283 75467
EIRSAT-1
1 58472U 23185L   25098.86197454  .00108711  00000-0  16048-2 0  9992
2 58472  97.3767 173.3927 0005879 286.4052  73.6555 15.54963607 75532
SONATE-2
1 59112U 24043Q   25098.61450196  .00028370  00000-0  88624-3 0  9998
2 59112  97.5033 228.6956 0010598 336.5062  23.5694 15.33088952 60833
MO-122
1 60209U 24125G   25098.51042865  .00028605  00000-0  88170-3 0  9994
2 60209  97.2886 310.9040 0019665   4.2600 355.8807 15.33373505 42439
GRBBeta
1 60237U 24128C   25097.97054232  .00007282  00000-0  55715-3 0  9995
2 60237  61.9918 297.7484 0046001  44.0394 316.4346 15.01897490 40791
Curium One
1 60242U 24128H   25097.96792172  .00011888  00000-0  85318-3 0  9991
2 60242  61.9821 296.8880 0045758  39.6927 320.7498 15.03865362 40814
ROBUSTA-3A
1 60243U 24128J   25098.88357616  .00012706  00000-0  92106-3 0  9997
2 60243  61.9889 294.3201 0044224  37.6468 322.7704 15.03496590 40943
CatSat
1 60246U 24125J   25098.15332443  .00014432  00000-0  50354-3 0  9995
2 60246  97.2669 310.4302 0042563 317.9866  41.8111 15.28832555 40444
HYPERVIEW-1G (RS66S)
1 61772U 24199AP  25098.90675149  .00035521  00000-0  11311-2 0  9998
2 61772  97.3642 327.9855 0015876  58.8060 301.4736 15.32357915 67502
AO-123
1 61781U 24199AY  25098.88665045  .00012976  00000-0  48604-3 0  9994
2 61781  97.3651 327.4224 0017718  60.2404 300.0594 15.27259472 67468
ZIMSAT 2
1 61783U 24199BA  25098.86710467  .00051079  00000-0  14710-2 0  9990
2 61783  97.3630 328.1804 0016463  57.7659 302.5178 15.35449594 70664
HADES-R (SO-124)
1 62690U 25009CK  25098.47843291  .00057625  00000-0  23800-2 0  9991
2 62690  97.4123 179.7445 0002156 268.3953  91.7037 15.23796071 12672
HYDRA-T
1 62692U 25009CM  25098.47227039  .00058032  00000-0  23851-2 0  9998
2 62692  97.4123 179.7523 0002151 260.4913  99.6081 15.23959604 12674
JINJUSat 1B
1 63210U 25052A   25098.83945185  .00021886  00000-0  10529-2 0  9997
2 63210  97.4497 353.7948 0005024 151.4965 208.6545 15.18790812  3875
NUSHSAT 1
1 63211U 25052B   25098.90588593  .00023175  00000-0  11136-2 0  9990
2 63211  97.4489 353.8562 0004921 155.5055 204.6414 15.18819959  3886
TEVEL2-4
1 63213U 25052D   25098.57948521  .00022986  00000-0  11120-2 0  9998
2 63213  97.4405 353.5041 0003374 164.8699 195.2636 15.18591820  3833
TEVEL2-5
1 63214U 25052E   25098.57953880  .00022244  00000-0  10765-2 0  9994
2 63214  97.4404 353.5041 0003370 165.1049 195.0285 15.18585286  3839
TEVEL2-6
1 63215U 25052F   25098.90953570  .00022611  00000-0  10949-2 0  9990
2 63215  97.4406 353.8277 0003465 165.0390 195.0948 15.18562600  3885
TEVEL2-1
1 63217U 25052H   25098.58294347  .00021639  00000-0  10541-2 0  9993
2 63217  97.4380 353.4927 0002961 182.3600 177.7620 15.18364207  3834
TEVEL2-2
1 63218U 25052J   25098.78078827  .00022065  00000-0  10747-2 0  9991
2 63218  97.4381 353.6870 0003001 181.8119 178.3104 15.18364518  3862
TEVEL2-3
1 63219U 25052K   25098.58308529  .00022293  00000-0  10860-2 0  9994
2 63219  97.4380 353.4927 0002984 183.1195 177.0021 15.18356729  3837
TEVEL2-8
1 63237U 25052AD  25098.53480255  .00019858  00000-0  99943-3 0  9999
2 63237  97.4441 353.4229 0006909 220.1935 139.8788 15.17224741  3827
TEVEL2-9
1 63238U 25052AE  25098.53520433  .00019931  00000-0  10040-2 0  9995
2 63238  97.4443 353.4228 0006996 220.3284 139.7431 15.17192775  3829
TEVEL2-7
1 63239U 25052AF  25098.53570536  .00020040  00000-0  10105-2 0  9990
2 63239  97.4442 353.4217 0007011 220.6860 139.3851 15.17156033  3828
