AO-07
1 07530U 74089B   25091.86101803 -.00000052  00000-0 -35178-4 0  9994
2 07530 101.9953  95.3894 0011886 252.8545 174.7096 12.53687786305452
UO-11
1 14781U 84021B   25091.86679472  .00003138  00000-0  33862-3 0  9992
2 14781  97.7481  59.6375 0007240 191.4960 168.6093 14.89064295212418
AO-27
1 22825U 93061C   25091.40518737  .00000261  00000-0  11685-3 0  9993
2 22825  98.7442 152.5935 0007591 321.4114  38.6525 14.30764975643821
FO-29
1 24278U 96046B   25091.62279120  .00000007  00000-0  41172-4 0  9990
2 24278  98.5827 354.5724 0350267 161.0871 200.3664 13.53242051413444
NOAA-15
1 25338U 98030A   25091.81422677  .00000306  00000-0  14376-3 0  9998
2 25338  98.5428 118.5793 0010042 194.2767 165.8131 14.26929328398591
GO-32
1 25397U 98043D   25091.56668398  .00000229  00000-0  11939-3 0  9997
2 25397  98.9652  69.2669 0002223  65.8001 294.3410 14.24286677388687
ISS
1 25544U 98067A   25091.86032777  .00016146  00000-0  28638-3 0  9995
2 25544  51.6384 325.0390 0003585  75.1458  13.0510 15.50385809503329
NO-44
1 26931U 01043C   25091.62684788  .00000346  00000-0  16086-3 0  9992
2 26931  67.0509 306.1152 0005569 268.8508  91.1956 14.31680391227233
SO-50
1 27607U 02058C   25091.29526164  .00003906  00000-0  50750-3 0  9997
2 27607  64.5550  54.3574 0048248 350.7212   9.2997 14.81301918198968
CO-55
1 27844U 03031E   25091.74854549  .00000727  00000-0  33628-3 0  9996
2 27844  98.6789 100.9048 0010270  33.9649 326.2186 14.23913527128871
CO-57
1 27848U 03031J   25091.45412794  .00000654  00000-0  30797-3 0  9993
2 27848  98.6819 100.6716 0010456  50.2807 309.9291 14.23259740128530
RS-22
1 27939U 03042A   25091.83599937  .00002678  00000-0  43388-3 0  9991
2 27939  98.3217 259.6583 0010840 223.3736 268.6248 14.72072187150718
NOAA-18
1 28654U 05018A   25091.82257691  .00000335  00000-0  20087-3 0  9997
2 28654  98.8441 172.0687 0013392 327.8880  32.1475 14.13562485 24036
CO-58
1 28895U 05043F   25091.33371839  .00003983  00000-0  66206-3 0  9994
2 28895  98.2382 234.8761 0015267 163.1215 197.0502 14.70617368 36766
CO-65
1 32785U 08021C   25091.81204916  .00009971  00000-0  73745-3 0  9999
2 32785  97.7779  62.5401 0011932  84.9446 275.3140 15.03334892918819
AAUSAT2
1 32788U 08021F   25091.50550129  .00209809  00000-0  22516-2 0  9999
2 32788  97.6040  86.0418 0006637 135.3398 224.8395 15.63088263922511
CO-66
1 32791U 08021J   25091.74028453  .00021912  00000-0  11322-2 0  9999
2 32791  97.7250  70.3742 0006508  65.6862 294.5049 15.16285647920132
RS-30
1 32953U 08025A   25091.83369875  .00000018  00000-0  60220-4 0  9996
2 32953  82.4975 269.9394 0019366 193.2945 166.7627 12.43161258764992
NOAA-19
1 33591U 09005A   25091.81779078  .00000316  00000-0  19253-3 0  9992
2 33591  99.0037 156.1196 0013685 193.8714 166.2083 14.13328140832394
SRMSAT
1 37841U 11058D   25091.65992955  .00000606  00000-0  18552-3 0  9991
2 37841  19.9707 211.6056 0011875  27.2049   0.7913 14.11401015695586
ZACUBE-1
1 39417U 13066B   25091.83887697  .00009821  00000-0  87076-3 0  9994
2 39417  97.7748  49.2883 0042620 282.5782  77.0674 14.95715350614631
Delfi-N3xt
1 39428U 13066N   25091.75923748  .00009856  00000-0  10336-2 0  9997
2 39428  97.8357  10.2433 0085349 226.3068 133.1055 14.87046866609021
GOMX-1
1 39430U 13066Q   25091.82379513  .00003425  00000-0  53812-3 0  9996
2 39430  97.6926 314.6870 0134545  52.8680 308.4728 14.67249431605329
LO-74
1 39440U 13066AA  25091.82509522  .00008972  00000-0  92162-3 0  9995
2 39440  97.8444  36.9222 0064703  48.0624 312.6083 14.89033017612408
AO-73
1 39444U 13066AE  25091.84968730  .00013020  00000-0  10099-2 0  9999
2 39444  97.7660  53.6189 0039372 258.3233 101.3572 15.00890012613862
DTUSAT-2
1 40030U 14033W   25091.40093083  .00013523  00000-0  90966-3 0  9999
2 40030  98.0495  59.9658 0007575 301.0407  59.0075 15.06849385585974
EO-80
1 40032U 14033Y   25091.35820335  .00012446  00000-0  83592-3 0  9993
2 40032  98.0392  59.6721 0006780 222.5743 137.4958 15.06934811585944
LILACSAT-2
1 40908U 15049K   25091.77402505  .00018035  00000-0  50261-3 0  9991
2 40908  97.5126 110.5331 0011177  56.5338 303.6973 15.36776552527657
IO-86
1 40931U 15052B   25038.81889873  .00001817  00000-0  15548-3 0  9993
2 40931   6.0001 108.1159 0012838 187.7041 172.2889 14.78568669506492
Horyu-4
1 41340U 16012D   25091.49381089  .00034375  00000-0  10426-2 0  9998
2 41340  30.9975 235.3123 0008815  63.0690 297.0854 15.32872863502166
Lapan A3
1 41603U 16040E   25091.80919781  .00005647  00000-0  20165-3 0  9994
2 41603  97.1397  99.1383 0012264 146.4717 213.7302 15.29163004487277
CAS-2T
1 41847U 16066G   25091.77628352  .00001903  00000-0  27868-3 0  9997
2 41847  98.4234 166.8311 0347413  26.8173 335.0517 14.43263842441090
CAS-4B
1 42759U 17034B   25091.84364635  .00063269  00000-0  95485-3 0  9998
2 42759  43.0107   8.8000 0017662 176.6567 183.4415 15.53713644431878
CAS-4A
1 42761U 17034D   25091.79193223  .00065871  00000-0  96786-3 0  9994
2 42761  43.0143   6.8347 0019091 180.8670 179.2161 15.54399484431888
TechnoSat
1 42829U 17042E   25091.73435703  .00006682  00000-0  52587-3 0  9990
2 42829  97.3920 263.7420 0014023 148.5892 211.6173 15.01054922420396
AO-91
1 43017U 17073E   25091.60439484  .00015120  00000-0  79220-3 0  9990
2 43017  97.5337 324.1467 0178106  41.6441 319.8190 15.03128486398842
S-Net D
1 43186U 18014G   25091.71163309  .00008600  00000-0  52045-3 0  9996
2 43186  97.5681 355.3444 0011315  99.4645 260.7864 15.10812837391974
S-Net B
1 43187U 18014H   25091.25255349  .00008630  00000-0  52254-3 0  9997
2 43187  97.5689 354.8589 0012080  96.9386 263.3218 15.10787073391909
S-Net A
1 43188U 18014J   25091.24863577  .00008517  00000-0  51544-3 0  9990
2 43188  97.5694 354.9962 0011973  97.6031 262.6559 15.10809266391906
S-Net C
1 43189U 18014K   25091.45350663  .00008714  00000-0  52735-3 0  9993
2 43189  97.5714 355.2011 0013580  90.9088 269.3698 15.10786438390488
Ten-Koh
1 43677U 18084G   25091.50377976  .00004983  00000-0  40472-3 0  9993
2 43677  98.0965 261.0064 0010451 142.3209 217.8747 15.00065884349882
PO-101
1 43678U 18084H   25091.79425827  .00004326  00000-0  37305-3 0  9996
2 43678  98.0989 265.3275 0008616 152.5209 207.6470 14.97837539350086
QO-100
1 43700U 18090A   25091.86621291  .00000137  00000-0  00000 0 0  9994
2 43700   0.0151 246.6336 0001432 157.1571 124.3163  1.00273521 23499
MinXSS-2
1 43758U 18099A   25091.60629968  .00022489  00000-0  96074-3 0  9991
2 43758  97.5080 157.5278 0012490  45.2011 315.0239 15.22810094346460
AO-95
1 43770U 18099N   25091.69608906  .00014513  00000-0  76809-3 0  9996
2 43770  97.4994 150.5927 0012543  94.5068 265.7597 15.15474023346119
RANGE-A
1 43773U 18099R   25091.62385452  .00008646  00000-0  56218-3 0  9992
2 43773  97.4565 142.0322 0012737  72.7345 287.5276 15.08164481345821
MOVE-II
1 43780U 18099Y   25091.46909803  .00118397  00000-0  19363-2 0  9998
2 43780  97.4720 163.1467 0000616  59.0709 301.0604 15.52102480347000
SNUSat 2
1 43782U 18099AA  25091.60575306  .00011513  00000-0  65176-3 0  9999
2 43782  97.4679 147.8016 0012897  39.9973 320.2206 15.13122965346061
SnugLite
1 43784U 18099AC  25091.67459726  .00014329  00000-0  75316-3 0  9990
2 43784  97.4493 147.3044 0004312  57.8763 302.2887 15.15777437346193
ITASat 1
1 43786U 18099AE  25091.67175156  .00010282  00000-0  60561-3 0  9994
2 43786  97.4646 147.5686 0016356  86.8279 273.4822 15.11681950346046
EAGLET 1
1 43790U 18099AJ  25091.70624325  .00007907  00000-0  51377-3 0  9995
2 43790  97.4836 147.7672 0013319  69.7758 290.4901 15.08211634345687
ESEO
1 43792U 18099AL  25091.60454711  .00003289  00000-0  25337-3 0  9992
2 43792  97.4583 141.8297 0012593  45.7895 314.4363 15.02245282345460
CSIM
1 43793U 18099AM  25091.57366407  .00116859  00000-0  18742-2 0  9992
2 43793  97.4913 165.3760 0003379 347.5509  12.5659 15.52650394346869
JO-97
1 43803U 18099AX  25091.12750796  .00018225  00000-0  88115-3 0  9993
2 43803  97.4738 150.8948 0007891  39.0341 321.1461 15.18639892346225
Suomi 100
1 43804U 18099AY  25091.43310179  .00015645  00000-0  80218-3 0  9994
2 43804  97.4799 150.6729 0013062  35.5969 324.6132 15.16569550346215
ISAT
1 43879U 18111D   25091.55322161  .00030237  00000-0  11629-2 0  9991
2 43879  97.5995   4.5771 0012327  83.5963 276.6678 15.26281277343159
UWE-4
1 43880U 18111E   25091.49902867  .00024242  00000-0  10271-2 0  9994
2 43880  97.5937   3.4460 0015289  92.4028 267.8959 15.23039449343109
Sparrow
1 43881U 18111F   25091.52097623  .00030727  00000-0  11462-2 0  9992
2 43881  97.6128   7.1710 0010027 113.2474 246.9821 15.27315667343237
Prox-1
1 44339U 19036A   25091.46780710  .00018754  00000-0  25049-2 0  9999
2 44339  23.9962 155.1749 0006876  11.9437 348.1222 14.77962443307773
SONATE
1 44400U 19038Q   25091.55163990  .00114784  00000-0  99827-3 0  9991
2 44400  97.7030 110.5489 0010659 136.9342 223.2755 15.68624112318674
Taurus 1
1 44530U 19059C   25091.82557351  .00012903  00000-0  24435-2 0  9998
2 44530  98.5979 228.0506 0010150 240.6120 119.4068 14.64416839293874
Duchifat 3
1 44854U 19089C   25091.33756185  .00057519  00000-0  14266-2 0  9995
2 44854  36.9463  73.3082 0004480 297.5867  62.4432 15.39329074292312
TO-108
1 44881U 19093C   25091.78733188  .00001998  00000-0  23785-3 0  9994
2 44881  97.7959 168.8744 0015276  97.3259 262.9693 14.85382066285866
FloripaSat 1
1 44885U 19093G   25091.81450466  .00008549  00000-0  73986-3 0  9994
2 44885  97.8159 179.3284 0011517  78.6222 281.6293 14.97355049286459
RS-44
1 44909U 19096E   25091.59962432  .00000007  00000-0 -25287-4 0  9994
2 44909  82.5164 273.1172 0218474  96.8746 265.7262 12.79739798245860
UPMSat 2
1 46276U 20061E   25091.45968161  .00063004  00000-0  80979-3 0  9990
2 46276  97.2510 163.9858 0001935 149.7367 210.4002 15.58892273254668
SALSAT
1 46495U 20068K   25091.85399111  .00013153  00000-0  58941-3 0  9991
2 46495  97.8564  66.7956 0013445  48.6514 311.5874 15.21299405248071
CubeSX-Sirius-HSE
1 47951U 21022V   25091.82675005  .00147139  00000-0  14980-2 0  9992
2 47951  97.4245   1.0758 0009013 151.6112 208.5640 15.64613987222999
CubeSX-HSE
1 47952U 21022W   25091.72635417  .00150170  00000-0  14959-2 0  9990
2 47952  97.4253   1.1902 0009121 147.3961 212.7864 15.65155213222994
GRBAlpha
1 47959U 21022AD  25091.82281843  .00142916  00000-0  14423-2 0  9993
2 47959  97.4238   1.4277 0008903 150.9560 209.2196 15.64851125221839
Orbicraft-Zorkiy
1 47960U 21022AE  25091.53653170  .00656542  17746-3  19043-2 0  9995
2 47960  97.4148   5.3513 0010126 143.3575 216.8394 15.92863005222723
TUBIN
1 48900U 21059X   25091.77335107  .00057077  00000-0  90566-3 0  9993
2 48900  97.6714 255.7875 0004011 145.4131 214.7383 15.53180710209337
LEDSAT
1 49069U 21073D   25091.75240380  .00063566  00000-0  10945-2 0  9994
2 49069  97.3937 170.8973 0010283 325.0233  35.0342 15.50812160200733
CUTE
1 49263U 21088D   25091.46990842  .00022331  00000-0  49507-3 0  9991
2 49263  97.4551 165.8570 0010253 132.4759 227.7356 15.43709482193751
TeikyoSat 4
1 49396U 21102B   25091.58383884  .00003960  00000-0  26649-3 0  9999
2 49396  97.4191 132.4876 0012888  17.8138 342.3539 15.07215916186157
Z-Sat
1 49399U 21102E   25091.81935838  .00006458  00000-0  36211-3 0  9991
2 49399  97.3884 135.4031 0017667 347.6437  12.4359 15.13580142186574
KOSEN 1
1 49402U 21102H   25091.60112923  .00010899  00000-0  52253-3 0  9993
2 49402  97.3788 138.1070 0014984 324.4655  35.5581 15.18979492186814
HO-113
1 50466U 21131B   25091.79917265  .00001140  00000-0  37078-3 0  9996
2 50466  98.5086 181.5031 0003733 359.3164   0.8019 14.40683605171548
IRIS-A
1 51044U 22002BN  25091.75482133  .00149270  00000-0  12185-2 0  9992
2 51044  97.3316 168.5127 0001162 130.6132 229.5232 15.70132845178996
Foresail-1
1 52766U 22057AL  25091.36949506  .00132600  00000-0  11809-2 0  9994
2 52766  97.6031 236.2319 0005418 201.4777 158.6257 15.68039045158960
SNUGLITE 2
1 52899U 22065F   25091.62283172  .00002604  00000-0  51778-3 0  9999
2 52899  98.1570 234.3197 0006871 337.0022  23.0871 14.62938098146409
IO-117
1 53106U 22080B   25051.21822557 -.00000003  00000-0  00000 0 0  9995
2 53106  70.1434 106.3440 0008542  48.0089 312.1297  6.42557744 61200
UmKA 1 (RS40S)
1 57172U 23091G   25091.84503091  .00009248  00000-0  50850-3 0  9998
2 57172  97.5657 147.6055 0014442 206.4073 153.6424 15.14213829 97072
CubeBel-2 (EU11S)
1 57175U 23091K   25091.84184446  .00014063  00000-0  70335-3 0  9991
2 57175  97.5657 148.3655 0012339 215.0285 145.0138 15.17479623 97125
VERONIKA
1 58261U 23174F   25091.76985710  .00092443  00000-0  14542-2 0  9999
2 58261  97.4180 174.7172 0006626 276.1138  83.9360 15.53264251 77940
KAFASAT
1 58317U 23174BP  25091.37546557  .05928982  24720-5  16273-2 0  9994
2 58317  97.3863 179.7237 0012903 265.3439  94.6380 16.27822073 78266
ENSO
1 58470U 23185J   25091.83983529  .00055090  00000-0  10684-2 0  9997
2 58470  97.3792 165.1467 0006554 322.9440  37.1356 15.47478347 74373
EIRSAT-1
1 58472U 23185L   25091.84426313  .00080884  00000-0  12640-2 0  9996
2 58472  97.3767 166.1644 0005382 317.6832  42.4006 15.53499812 74445
SONATE-2
1 59112U 24043Q   25091.62966491  .00025323  00000-0  80240-3 0  9993
2 59112  97.5033 221.6104 0010960   1.9866 358.1417 15.32654037 59761
MO-122
1 60209U 24125G   25091.52686774  .00025351  00000-0  79226-3 0  9998
2 60209  97.2883 304.0205 0020550  28.9085 331.3291 15.32940912 41366
GRBBeta
1 60237U 24128C   25091.37907635  .00007239  00000-0  55601-3 0  9993
2 60237  61.9930 320.7024 0045369  42.6058 317.8537 15.01780033 39800
Curium One
1 60242U 24128H   25091.85040679  .00011590  00000-0  83675-3 0  9995
2 60242  61.9833 318.2626 0045226  38.3448 322.0843 15.03680656 39894
ROBUSTA-3A
1 60243U 24128J   25091.36778534  .00011682  00000-0  85339-3 0  9991
2 60243  61.9900 320.5589 0043448  35.9041 324.4956 15.03294877 39819
CatSat
1 60246U 24125J   25091.34589123  .00013657  00000-0  47948-3 0  9991
2 60246  97.2663 303.7852 0043376 342.7320  17.2442 15.28608680 39405
HYPERVIEW-1G (RS66S)
1 61772U 24199AP  25091.78777423  .00029252  00000-0  94741-3 0  9998
2 61772  97.3640 320.9077 0016315  81.3193 278.9896 15.31847750 66410
AO-123
1 61781U 24199AY  25091.87568998  .00010457  00000-0  39462-3 0  9999
2 61781  97.3649 320.5035 0018013  82.5517 277.7768 15.27061882 66390
ZIMSAT 2
1 61783U 24199BA  25091.82713471  .00040823  00000-0  12050-2 0  9997
2 61783  97.3631 321.1504 0017046  80.0389 280.2777 15.34717418 69580
POEM 4 (BGS ARPIT)
1 62461U 24253C   25091.45671529  .01812220  11607-4  69301-3 0  9998
2 62461  55.2029 173.5003 0005575 336.9608 132.6750 16.23472053 14552
HADES-R (SO-124)
1 62690U 25009CK  25091.18728677  .00046699  00000-0  19811-2 0  9998
2 62690  97.4126 172.5421 0001803 303.8574  56.2491 15.22949028 11560
HYDRA-T
1 62692U 25009CM  25091.18188377  .00048456  00000-0  20456-2 0  9997
2 62692  97.4124 172.5486 0001736 295.4864  64.6193 15.23105351 11560
DRAGON Fram2
1 63427U 25066A   25091.75963889  .00035102  00000-0  72540-3 0  9995
2 63427  90.0018 318.4995 0004422  78.4547 281.7209 15.45682566   106
Fram2Ham
1 90000U 25090A   25091.75964138  .00004870  00000-0  10103-3 0   139
2 90000  90.0002 318.5006 0004092  76.8776 283.3148 15.45677464   122

